[ 8210.098312] [Project1] 25432 1586187167.874454930 1586187169.263660353
[ 8212.909027] [Project1] 25433 1586187170.652480458 1586187172.074324893
[ 8215.723139] [Project1] 25434 1586187173.463165191 1586187174.888404314
[ 8218.532165] [Project1] 25435 1586187176.277369665 1586187177.697381969
[ 8221.345261] [Project1] 25436 1586187179.086342154 1586187180.510443859
[ 8224.160875] [Project1] 25437 1586187181.899377762 1586187183.326013216
[ 8226.970787] [Project1] 25438 1586187184.715031522 1586187186.135885444
[ 8229.784474] [Project1] 25439 1586187187.524929736 1586187188.949545583
[ 8232.593077] [Project1] 25440 1586187190.338442968 1586187191.758095352
[ 8235.405725] [Project1] 25441 1586187193.146889302 1586187194.570713571
